41.8144846, -71.4236451
41.8426823, -71.4073923
41.8217608, -71.4152968
41.8217608, -71.4152968
41.8217608, -71.4152968
41.8222378, -71.4159277
41.8217608, -71.4152968
41.8217608, -71.4152968
41.8541658, -71.43068459999999
41.836514, -71.444611
41.836514, -71.444611
41.836514, -71.444611
41.8435164, -71.4451821
41.8450074, -71.44533919999999
41.8272512, -71.4437569
41.847206, -71.445549
41.8324469, -71.4445269
41.840393, -71.4450229
41.8247931, -71.4435221
41.836514, -71.444611
41.836514, -71.444611
41.8239891, -71.4128343
41.8239891, -71.4128343
41.8239891, -71.4128343
41.7973969, -71.4201379
41.79588700000001, -71.42499500000001
41.79588700000001, -71.42499500000001
41.795856, -71.425095
41.79588700000001, -71.42499500000001
41.79588700000001, -71.42499500000001
41.7979925, -71.4182864
41.79588700000001, -71.42499500000001
41.8308443, -71.3896555
41.8305369, -71.391289
41.8466168, -71.4318647
41.8466168, -71.4318647
41.8466168, -71.4318647
41.8466168, -71.4318647
41.8239891, -71.4128343
41.8239891, -71.4128343
41.8239891, -71.4128343
41.8466168, -71.4318647
41.8466168, -71.4318647
41.8466168, -71.4318647
41.8239891, -71.4128343
41.8239891, -71.4128343
41.83263549999999, -71.4209759
41.8239891, -71.4128343
41.8239891, -71.4128343
41.8382472, -71.4264665
41.8382472, -71.4264665
41.8382472, -71.4264665
41.8421406, -71.4028718
41.8421406, -71.4028718
41.843044, -71.402481
41.8239891, -71.4128343
41.8239891, -71.4128343
41.8239891, -71.4128343
41.8239891, -71.4128343
41.8239891, -71.4128343
41.82986, -71.4110366
41.8239891, -71.4128343
41.8239891, -71.4128343
41.82986, -71.4110366
41.8239891, -71.4128343
41.8338019, -71.4218353
41.8239891, -71.4128343
41.8360517, -71.42262269999999
41.835112, -71.422302
41.8323059, -71.442497
41.8239891, -71.4128343
41.8239891, -71.4128343
41.8239891, -71.4128343
41.8239891, -71.4128343
41.82918189999999, -71.44752729999999
41.8239891, -71.4128343
41.8239891, -71.4128343
41.8239891, -71.4128343
41.791314, -71.39837899999999
41.791314, -71.39837899999999
41.791314, -71.39837899999999
41.8239891, -71.4128343
41.8239891, -71.4128343
41.8239891, -71.4128343
41.8239891, -71.4128343
41.819977, -71.4233929
41.8239891, -71.4128343
41.7893057, -71.4044266
41.8239891, -71.4128343
41.8239891, -71.4128343
41.8350587, -71.4635961
41.8239891, -71.4128343
41.8239891, -71.4128343
41.8239891, -71.4128343
41.8239891, -71.4128343
41.8239891, -71.4128343
41.8239891, -71.4128343
41.851482, -71.4043938
41.8239891, -71.4128343
41.8239891, -71.4128343
41.8239891, -71.4128343
41.8239891, -71.4128343
41.8239891, -71.4128343
41.829001, -71.40337509999999
41.8363536, -71.4202644
41.8239891, -71.4128343
41.832394, -71.439537
41.832394, -71.439537
41.8239891, -71.4128343
41.8239891, -71.4128343
41.832584, -71.438538
41.8323169, -71.440277
41.832394, -71.439537
41.832394, -71.439537
41.833706, -71.464485
41.832394, -71.439537
41.832394, -71.439537
41.83249, -71.4520642
41.8239891, -71.4128343
41.83652600000001, -71.3806989
41.8239891, -71.4128343
41.8239891, -71.4128343
41.8239891, -71.4128343
41.8118629, -71.434395
41.8239891, -71.4128343
41.8239891, -71.4128343
41.8239891, -71.4128343
41.7926831, -71.4004764
41.7926831, -71.4004764
41.8239891, -71.4128343
41.8239891, -71.4128343
41.8370769, -71.4132951
41.8239891, -71.4128343
41.8239891, -71.4128343
41.8239891, -71.4128343
41.841214, -71.4176777
41.841214, -71.4176777
41.841214, -71.4176777
41.8239891, -71.4128343
41.8401788, -71.4171716
41.841214, -71.4176777
41.841214, -71.4176777
41.8586344, -71.4215718
41.841214, -71.4176777
41.841214, -71.4176777
41.8239891, -71.4128343
41.82391, -71.40014590000001
41.8238119, -71.4010079
41.8237275, -71.4048087
41.8488943, -71.416463
41.8494934, -71.4161309
41.8239891, -71.4128343
41.8285195, -71.449051
41.8239891, -71.4128343
41.81707, -71.4085739
41.8589233, -71.4176928
41.80999, -71.44905890000001
41.80999, -71.44905890000001
41.80999, -71.44905890000001
41.8407868, -71.3870297
41.8434609, -71.4198947
41.8239891, -71.4128343
41.81865270000001, -71.4136927
41.8198654, -71.41046
41.8198654, -71.41046
41.8198654, -71.41046
41.8239891, -71.4128343
41.8448743, -71.4264464
41.8422844, -71.389169
41.8422844, -71.389169
41.8422844, -71.389169
41.8422844, -71.389169
41.84121, -71.38901179999999
41.8001296, -71.4093189
41.7997204, -71.4113107
41.8417211, -71.4532041
41.82613509999999, -71.40459729999999
41.8523282, -71.40487279999999
41.847134, -71.4007583
41.8474013, -71.4046668
41.847134, -71.4007583
41.847134, -71.4007583
41.8501074, -71.4292475
41.8519213, -71.40410860000001
41.8158007, -71.4186522
41.830489, -71.4069947
41.8239891, -71.4128343
41.8311349, -71.40709559999999
41.832736, -71.4073247
41.8311349, -71.40709559999999
41.8311349, -71.40709559999999
41.799369, -71.42341789999999
41.7999493, -71.4215639
41.8287601, -71.3954321
41.793816, -71.4125571
41.794807, -71.410454
41.8411883, -71.4124956
41.8411883, -71.4124956
41.8411883, -71.4124956
41.8411883, -71.4124956
41.8411883, -71.4124956
41.8411883, -71.4124956
41.84936, -71.42507789999999
41.8474769, -71.4232183
41.84936, -71.42507789999999
41.8239891, -71.4128343
41.8239891, -71.4128343
41.8193821, -71.43122749999999
41.8176676, -71.43067289999999
41.8231971, -71.44722689999999
41.8239891, -71.4128343
41.8507959, -71.439278
41.8086306, -71.4343184
41.8309522, -71.38956929999999
41.8239891, -71.4128343
41.8239891, -71.4128343
41.8239891, -71.4128343
41.8239891, -71.4128343
41.8239891, -71.4128343
41.8086306, -71.4343184
41.8239891, -71.4128343
41.8058137, -71.4368009
41.8239891, -71.4128343
41.8239891, -71.4128343
41.804348, -71.43856
41.8239891, -71.4128343
41.8239891, -71.4128343
41.7924975, -71.4302968
41.7918714, -71.42970869999999
41.8239891, -71.4128343
41.8239891, -71.4128343
41.8090645, -71.4280139
41.8087812, -71.42466
41.8239891, -71.4128343
41.809914, -71.443932
41.8239891, -71.4128343
41.821812, -71.4499359
41.8239891, -71.4128343
41.8239891, -71.4128343
41.8240403, -71.4416365
41.8415665, -71.40084929999999
41.8239891, -71.4128343
41.8239891, -71.4128343
41.8239891, -71.4128343
41.8041436, -71.4255688
41.8239891, -71.4128343
41.8239891, -71.4128343
41.8239891, -71.4128343
41.8239891, -71.4128343
41.8545239, -71.41766059999999
41.8239891, -71.4128343
41.8239891, -71.4128343
41.8239891, -71.4128343
41.8110579, -71.458237
41.8084892, -71.42183849999999
41.8355811, -71.4171684
41.8246826, -71.4254101
41.8246826, -71.4254101
41.8239891, -71.4128343
41.8246826, -71.4254101
41.8222988, -71.42327159999999
41.81361, -71.451714
41.8239891, -71.4128343
41.8239891, -71.4128343
41.8195148, -71.44179729999999
41.7897056, -71.42677069999999
41.8239891, -71.4128343
41.8239891, -71.4128343
41.8239891, -71.4128343
41.8224893, -71.42621009999999
41.8239891, -71.4128343
41.8239891, -71.4128343
41.8239891, -71.4128343
41.7932733, -71.4120543
41.8086573, -71.42817149999999
41.809742, -71.428322
41.816009, -71.4311089
41.8086573, -71.42817149999999
41.8086573, -71.42817149999999
41.8086573, -71.42817149999999
41.804054, -71.4301861
41.8239891, -71.4128343
41.810825, -71.4288019
41.8086573, -71.42817149999999
41.8105769, -71.429642
41.8122284, -71.43036
41.80951290000001, -71.4291877
41.8157579, -71.4426419
41.8239891, -71.4128343
41.780018, -71.42013349999999
41.8139388, -71.425089
41.8139388, -71.425089
41.8239891, -71.4128343
41.8429119, -71.4243214
41.82335339999999, -71.4113407
41.8244607, -71.41277699999999
41.82335339999999, -71.4113407
41.82335339999999, -71.4113407
41.8244607, -71.41277699999999
41.8230796, -71.4109933
41.82335339999999, -71.4113407
41.8542507, -71.4393979
41.8542507, -71.4393979
41.8476305, -71.4308483
41.8368634, -71.42156709999999
41.8542507, -71.4393979
41.8542507, -71.4393979
41.8404195, -71.4269024
41.855652, -71.441566
41.8542507, -71.4393979
41.8542507, -71.4393979
41.8454082, -71.4286491
41.8239891, -71.4128343
41.8542507, -71.4393979
41.8544039, -71.4396359
41.8431844, -71.4277487
41.8239891, -71.4128343
41.8297532, -71.44759839999999
41.838804, -71.4041847
41.838804, -71.4041847
41.8387427, -71.3978601
41.8239891, -71.4128343
41.838782, -71.4000988
41.838782, -71.4000988
41.8100358, -71.4128949
41.8102339, -71.4112111
41.8108122, -71.4071917
41.834881, -71.4248434
41.8414256, -71.406002
41.8414952, -71.40484
41.79803090000001, -71.435379
41.79803090000001, -71.435379
41.79803090000001, -71.435379
41.79803090000001, -71.435379
41.8219636, -71.4082049
41.8219636, -71.4082049
41.8231084, -71.4082748
41.8219636, -71.4082049
41.8219636, -71.4082049
41.8263699, -71.43547339999999
41.8260251, -71.4352905
41.8244283, -71.4355525
41.8274119, -71.436401
41.8402587, -71.39588979999999
41.8239891, -71.4128343
41.8239891, -71.4128343
41.8239891, -71.4128343
41.853462, -71.442604
41.8239891, -71.4128343
41.8239891, -71.4128343
41.8165085, -71.41377109999999
41.8205653, -71.4192803
41.8205653, -71.4192803
41.8205653, -71.4192803
41.8239891, -71.4128343
41.8239891, -71.4128343
41.8258693, -71.3904003
41.8270415, -71.3927914
41.8272257, -71.3906105
41.8316679, -71.38609699999999
41.8436122, -71.4140267
41.820563, -71.3983566
41.8216465, -71.3919995
41.815258, -71.4557799
41.815708, -71.451195
41.815559, -71.4526439
41.8418511, -71.4374335
41.8410229, -71.42850179999999
41.8418511, -71.4374335
41.8418511, -71.4374335
41.8433837, -71.4426466
41.8418511, -71.4374335
41.8059517, -71.4072269
41.8059517, -71.4072269
41.80266590000001, -71.4065629
41.8046674, -71.4070626
41.8059517, -71.4072269
41.7892494, -71.4028776
41.7925847, -71.4037783
41.8059517, -71.4072269
41.8059517, -71.4072269
41.8059517, -71.4072269
41.81767960000001, -71.4070424
41.8239891, -71.4128343
41.8059517, -71.4072269
41.8145771, -71.406789
41.8059517, -71.4072269
41.7881499, -71.4025688
41.81767960000001, -71.4070424
41.8059517, -71.4072269
41.8059517, -71.4072269
41.8059517, -71.4072269
41.794018, -71.40419
41.8059517, -71.4072269
41.818262, -71.4074607
41.8215825, -71.4098695
41.8108122, -71.4071917
41.8059517, -71.4072269
41.83699319999999, -71.466081
41.8483739, -71.4007891
41.77578400000001, -71.4097369
41.8589045, -71.4133217
41.8589045, -71.4133217
41.8589045, -71.4133217
41.8239891, -71.4128343
41.8357368, -71.3886351
41.81694400000001, -71.446495
41.8239891, -71.4128343
41.8541769, -71.4005231
41.8527563, -71.3956931
41.8440439, -71.3986487
41.8167069, -71.4627651
41.8167069, -71.4627651
41.8239891, -71.4128343
41.7937922, -71.4008571
41.809841, -71.438324
41.817355, -71.4097223
41.817355, -71.4097223
41.816688, -71.4114089
41.8470705, -71.45647679999999
41.8084267, -71.4442126
41.8074662, -71.44785759999999
41.8067267, -71.450637
41.8403098, -71.3924875
41.8397261, -71.39245389999999
41.8239891, -71.4128343
41.8403098, -71.3924875
41.834174, -71.3907943
41.8352386, -71.3911653
41.8403098, -71.3924875
41.8403098, -71.3924875
41.8403098, -71.3924875
41.8397584, -71.39169489999999
41.7879533, -71.42070749999999
41.7879533, -71.42070749999999
41.7821103, -71.4193913
41.7879533, -71.42070749999999
41.7980871, -71.426234
41.7879533, -71.42070749999999
41.7879533, -71.42070749999999
41.7914329, -71.42250539999999
41.7879533, -71.42070749999999
41.7879533, -71.42070749999999
41.7879533, -71.42070749999999
41.7879533, -71.42070749999999
41.7879533, -71.42070749999999
41.7879533, -71.42070749999999
41.7879533, -71.42070749999999
41.7879533, -71.42070749999999
41.7879533, -71.42070749999999
41.832874, -71.3873524
41.8323469, -71.3901869
41.8397058, -71.3942879
41.8158081, -71.41454960000002
41.8218654, -71.4164515
41.8218654, -71.4164515
41.8200817, -71.41439489999999
41.8218654, -71.4164515
41.8218654, -71.4164515
41.8218654, -71.4164515
41.823414, -71.4510119
41.847687, -71.446556
41.7948621, -71.3979264
41.7948621, -71.3979264
41.7948621, -71.3979264
41.7948621, -71.3979264
41.7948621, -71.3979264
41.7948621, -71.3979264
41.8239891, -71.4128343
41.8239891, -71.4128343
41.8466168, -71.4318647
41.8466168, -71.4318647
41.8466168, -71.4318647
41.8466168, -71.4318647
41.8466168, -71.4318647
41.8239891, -71.4128343
41.8441812, -71.42371299999999
41.8466168, -71.4318647
41.815067, -71.442787
41.7864373, -71.398394
41.7949502, -71.406423
41.7949502, -71.406423
41.8199748, -71.4483534
41.8208665, -71.45016729999999
41.8636209, -71.444588
41.8239891, -71.4128343
41.783401, -71.4208979
41.783401, -71.4208979
41.793617, -71.426966
41.792647, -71.4303675
41.8239891, -71.4128343
41.7948621, -71.3979264
41.7921546, -71.3970325
41.8030664, -71.40141919999999
41.8030664, -71.40141919999999
41.8030664, -71.40141919999999
41.8239891, -71.4128343
41.8105079, -71.40470359999999
41.8239891, -71.4128343
41.8082183, -71.4036936
41.8013979, -71.4006843
41.8239891, -71.4128343
41.81403359999999, -71.4062383
41.8291169, -71.4381447
41.8291169, -71.4381447
41.829468, -71.4373399
41.83662, -71.4228182
41.8302799, -71.454826
41.8239891, -71.4128343
41.8239891, -71.4128343
41.816482, -71.4324609
41.82153640000001, -71.4339871
41.8397516, -71.3898639
41.834849, -71.40146519999999
41.8081571, -71.40626
41.8474543, -71.4330923
41.83584829999999, -71.3913634
41.83649339999999, -71.3878462
41.83584829999999, -71.3913634
41.8449109, -71.4061316
41.8441505, -71.3995606
41.8448528, -71.4018616
41.8239891, -71.4128343
41.8248745, -71.4098909
41.8257255, -71.4110379
41.85201989999999, -71.44149
41.82567230000001, -71.4564405
41.8250511, -71.4569296
41.8264579, -71.4487379
41.84071, -71.4380173
41.8405967, -71.4370922
41.828934, -71.45031569999999
41.7874318, -71.40280899999999
41.7874318, -71.40280899999999
41.844364, -71.3901015
41.8224378, -71.4253253
41.8224549, -71.4256004
41.8221921, -71.4219263
41.8223826, -71.42451400000002
41.8321931, -71.4277108
41.8321931, -71.4277108
41.8345788, -71.4283949
41.83284, -71.437828
41.8159591, -71.4087651
41.8159591, -71.4087651
41.8159591, -71.4087651
41.8239891, -71.4128343
41.85069379999999, -71.3966306
41.8390514, -71.42102179999999
41.8390514, -71.42102179999999
41.8276529, -71.41418469999999
41.7894069, -71.4092163
41.8221684, -71.44586389999999
41.8569117, -71.41120839999999
41.8239891, -71.4128343
41.8239891, -71.4128343
41.8099145, -71.4327971
41.8239891, -71.4128343
41.8239891, -71.4128343
41.8239891, -71.4128343
41.846524, -71.39483779999999
41.8239891, -71.4128343
41.8239891, -71.4128343
41.8239891, -71.4128343
41.8243709, -71.41498849999999
41.8239891, -71.4128343
41.824793, -71.4144104
41.8239891, -71.4128343
41.8239891, -71.4128343
41.8223628, -71.41714979999999
41.8239891, -71.4128343
41.8239891, -71.4128343
41.8231749, -71.4162288
41.8239891, -71.4128343
41.8239891, -71.4128343
41.8239891, -71.4128343
41.8239891, -71.4128343
41.8239891, -71.4128343
41.8244759, -71.4203497
41.8244759, -71.4203497
41.826721, -71.4155086
41.826721, -71.4155086
41.826721, -71.4155086
41.826721, -71.4155086
41.8138432, -71.4125193
41.8136234, -71.4143199
41.8239891, -71.4128343
41.819229, -71.417816
41.8239891, -71.4128343
41.8317059, -71.460103
41.8239891, -71.4128343
41.8239891, -71.4128343
41.8239891, -71.4128343
41.8239891, -71.4128343
41.836914, -71.450012
41.8223189, -71.3920868
41.8225059, -71.3898997
41.8239891, -71.4128343
41.815582, -71.4208481
41.8208429, -71.41052599999999
41.81433, -71.4167727
41.8158798, -71.41526019999999
41.8137121, -71.4173811
41.8208429, -71.41052599999999
41.8202353, -71.4111116
41.8220269, -71.40944019999999
41.8158798, -71.41526019999999
41.819148, -71.41221320000001
41.8158798, -71.41526019999999
41.8384858, -71.46869749999999
41.8239891, -71.4128343
41.8239891, -71.4128343
41.7944979, -71.4222759
41.79606589999999, -71.417221
41.7949165, -71.4209454
41.79606589999999, -71.417221
41.7966497, -71.41537009999999
41.7955027, -71.41908459999999
41.7997126, -71.4140427
41.8000278, -71.4124831
41.8295909, -71.3909693
41.8238695, -71.3901022
41.834877, -71.4326859
41.834877, -71.4326859
41.8216504, -71.4113246
41.829786, -71.4133731
41.829786, -71.4133731
41.829786, -71.4133731
41.829786, -71.4133731
41.8093703, -71.41277079999999
41.8100358, -71.4128949
41.853462, -71.442604
41.8307307, -71.4406663
41.850189, -71.44986
41.85183, -71.44879890000001
41.850189, -71.44986
41.853024, -71.4477919
41.847252, -71.45092
41.8257844, -71.39728
41.8257844, -71.39728
41.8239891, -71.4128343
41.825636, -71.39905879999999
41.8187351, -71.39598389999999
41.8239891, -71.4128343
41.7921546, -71.3970325
41.7921546, -71.3970325
41.8225623, -71.4325625
41.8225623, -71.4325625
41.814583, -71.4486309
41.8239891, -71.4128343
41.813146, -71.4272253
41.8029286, -71.4175207
41.820862, -71.460983
41.8239891, -71.4128343
41.8475831, -71.3962485
41.8055895, -71.41730009999999
41.8050815, -71.4195709
41.8145771, -71.406789
41.8145771, -71.406789
41.848965, -71.4383699
41.8504099, -71.437691
41.834713, -71.448364
41.804398, -71.416031
41.8048225, -71.41620329999999
41.8243217, -71.3940564
41.8225585, -71.39395999999999
41.8217754, -71.3938435
41.8243217, -71.3940564
41.8239891, -71.4128343
41.8239891, -71.4128343
41.8243217, -71.3940564
41.8243217, -71.3940564
41.8451592, -71.43028029999999
41.8323979, -71.4530608
41.8287959, -71.453064
41.8287959, -71.453064
41.8559619, -71.3982917
41.8549516, -71.4235307
41.8239891, -71.4128343
41.8527105, -71.42264980000002
41.8239891, -71.4128343
41.8239891, -71.4128343
41.8239891, -71.4128343
41.8023399, -71.4276553
41.8239891, -71.4128343
41.8239891, -71.4128343
41.833946, -71.439522
41.840493, -71.3841411
41.840493, -71.3841411
41.840493, -71.3841411
41.8196567, -71.4332086
41.8196567, -71.4332086
41.8568764, -71.422915
41.8239891, -71.4128343
41.83405339999999, -71.40636740000001
41.8239891, -71.4128343
41.8239891, -71.4128343
41.7961268, -71.4194431
41.798679, -71.4208529
41.78067, -71.4199091
41.780394, -71.4185409
41.8239891, -71.4128343
41.8239891, -71.4128343
41.8550393, -71.4138047
41.8239891, -71.4128343
41.80949100000001, -71.4335598
41.8080829, -71.428406
41.80764810000001, -71.42482729999999
41.80949100000001, -71.4335598
41.8239891, -71.4128343
41.78678800000001, -71.39203599999999
41.78678800000001, -71.39203599999999
41.817629, -71.4342157
41.8239891, -71.4128343
41.8297388, -71.4387133
41.8297388, -71.4387133
41.8028146, -71.4128612
41.8244283, -71.4355525
41.8239891, -71.4128343
41.8244283, -71.4355525
41.825489, -71.431236
41.825489, -71.431236
41.825489, -71.431236
41.825489, -71.431236
41.8239891, -71.4128343
41.825489, -71.431236
41.825489, -71.431236
41.825489, -71.431236
41.825489, -71.431236
41.825489, -71.431236
41.8250389, -71.4330899
41.8239891, -71.4128343
41.8116439, -71.4280086
41.8239891, -71.4128343
41.8451812, -71.3990402
41.8184151, -71.45766139999999
41.8184151, -71.45766139999999
41.818352, -71.45739700000001
41.8193239, -71.463989
41.81863389999999, -71.4591219
41.8184151, -71.45766139999999
41.8166657, -71.4439433
41.8184151, -71.45766139999999
41.8184151, -71.45766139999999
41.8184151, -71.45766139999999
41.8184151, -71.45766139999999
41.81694400000001, -71.446495
41.818905, -71.461029
41.8184151, -71.45766139999999
41.851691, -71.389595
41.8519729, -71.3879563
41.8086357, -71.4179224
41.83097799999999, -71.4373567
41.8239891, -71.4128343
41.8239891, -71.4128343
41.8239891, -71.4128343
41.81508040000001, -71.4191841
41.8239891, -71.4128343
41.8239891, -71.4128343
41.8502829, -71.4232571
41.8502829, -71.4232571
41.8477635, -71.4266179
41.8502829, -71.4232571
41.8293258, -71.41745580000001
41.8142232, -71.4199237
41.85205850000001, -71.4405453
41.851807, -71.440659
41.85205850000001, -71.4405453
41.838083, -71.3952896
41.838083, -71.3952896
41.838083, -71.3952896
41.8277614, -71.44382279999999
41.82095959999999, -71.43867019999999
41.8296389, -71.4298994
41.8120537, -71.40479959999999
41.8122262, -71.40545589999999
41.827763, -71.4453049
41.8276102, -71.4472954
41.8274769, -71.448891
41.854366, -71.437759
41.8346845, -71.46548969999999
41.8486183, -71.434653
41.8348316, -71.4053461
41.835209, -71.4319348
41.85056, -71.4004343
41.8529679, -71.39901189999999
41.852353, -71.39934889999999
41.8541831, -71.3982769
41.8553761, -71.3975526
41.81917989999999, -71.463013
41.843491, -71.450836
41.843491, -71.450836
41.8568249, -71.3994295
41.8386219, -71.435797
41.8402817, -71.4353666
41.850094, -71.441254
41.83099989999999, -71.4187492
41.831616, -71.4184245
41.82853, -71.4199896
41.8312852, -71.4186057
41.82853, -71.4199896
41.8303528, -71.4190515
41.8342243, -71.419108
41.82853, -71.4199896
41.8312852, -71.4186057
41.810666, -71.4304945
41.8479114, -71.3917651
41.816009, -71.4311089
41.83583489999999, -71.445465
41.83583489999999, -71.445465
41.83583489999999, -71.445465
41.83583489999999, -71.445465
41.8239891, -71.4128343
41.7879205, -71.40661779999999
41.8032259, -71.4356689
41.8461563, -71.45770739999999
41.838782, -71.4000988
41.838782, -71.4000988
41.834849, -71.40146519999999
41.8239891, -71.4128343
41.8393265, -71.3998411
41.838782, -71.4000988
41.838782, -71.4000988
41.854304, -71.392433
41.838782, -71.4000988
41.8266891, -71.3972568
41.838782, -71.4000988
41.838782, -71.4000988
41.838782, -71.4000988
41.838782, -71.4000988
41.8239891, -71.4128343
41.8284112, -71.397508
41.838782, -71.4000988
41.838782, -71.4000988
41.838782, -71.4000988
41.838782, -71.4000988
41.8212594, -71.3961936
41.838782, -71.4000988
41.81653290000001, -71.41246509999999
41.8169293, -71.46772659999999
41.85182229999999, -71.4144757
41.8159081, -71.4096702
41.8239891, -71.4128343
41.8159081, -71.4096702
41.8159081, -71.4096702
41.8568182, -71.4353163
41.8000066, -71.415397
41.813221, -71.438065
41.813396, -71.431725
41.8135149, -71.445374
41.831464, -71.38987809999999
41.7926405, -71.4284404
41.80277600000001, -71.4367599
41.802544, -71.4360959
41.802544, -71.4360959
41.841496, -71.433594
41.841496, -71.433594
41.79940089999999, -71.4038049
41.81773, -71.45757300000001
41.830189, -71.4562909
41.816688, -71.4114089
41.8181551, -71.3948953
41.8181551, -71.3948953
41.8181551, -71.3948953
41.8239891, -71.4128343
41.8181551, -71.3948953
41.8181551, -71.3948953
41.8239891, -71.4128343
41.7904399, -71.396469
41.7904399, -71.396469
41.8239891, -71.4128343
41.8239891, -71.4128343
41.8137116, -71.3700545
41.8239891, -71.4128343
41.8239891, -71.4128343
41.8239891, -71.4128343
41.8336906, -71.3865126
41.8336906, -71.3865126
41.8239891, -71.4128343
41.8336906, -71.3865126
41.8336906, -71.3865126
41.8336906, -71.3865126
41.849682, -71.447754
41.849682, -71.447754
41.8496169, -71.4482649
41.8243449, -71.39236389999999
41.8243449, -71.39236389999999
41.8239891, -71.4128343
41.8239891, -71.4128343
41.8239891, -71.4128343
41.8239891, -71.4128343
41.8239891, -71.4128343
41.8208345, -71.4037177
41.8570515, -71.4193258
41.84046900000001, -71.443237
41.84046900000001, -71.443237
41.8434334, -71.4433988
41.8326979, -71.40827759999999
41.8326979, -71.40827759999999
41.8239891, -71.4128343
41.8404637, -71.406218
41.8404637, -71.406218
41.83289329999999, -71.42340469999999
41.83289329999999, -71.42340469999999
41.83289329999999, -71.42340469999999
41.83289329999999, -71.42340469999999
41.8239891, -71.4128343
41.8641858, -71.43589
41.8641858, -71.43589
41.7935132, -71.403095
41.7935132, -71.403095
41.7935132, -71.403095
41.8239891, -71.4128343
41.8239891, -71.4128343
41.8239891, -71.4128343
41.823223, -71.4464799
41.8128114, -71.4455426
41.8128114, -71.4455426
41.8223208, -71.4449787
41.8223208, -71.4449787
41.8223208, -71.4449787
41.8223208, -71.4449787
41.8437714, -71.42526
41.8437714, -71.42526
41.8357128, -71.41630119999999
41.83208490000001, -71.4039476
41.83208490000001, -71.4039476
41.8239891, -71.4128343
41.8239891, -71.4128343
41.8239891, -71.4128343
41.8239891, -71.4128343
41.851101, -71.449356
41.851101, -71.449356
41.8239891, -71.4128343
41.8262455, -71.4429979
41.8239891, -71.4128343
41.8188629, -71.4683378
41.8188629, -71.4683378
41.8239891, -71.4128343
41.8239891, -71.4128343
41.8188629, -71.4683378
41.8239891, -71.4128343
41.8491745, -71.79451379999999
41.8239891, -71.4128343
41.8239891, -71.4128343
41.835342, -71.4485469
41.835342, -71.4485469
41.8239891, -71.4128343
41.8239891, -71.4128343
41.8239891, -71.4128343
41.8239891, -71.4128343
41.8239891, -71.4128343
41.8239891, -71.4128343
41.8282873, -71.4293352
41.8282873, -71.4293352
41.8282873, -71.4293352
41.8282873, -71.4293352
41.8282873, -71.4293352
41.8282873, -71.4293352
41.8282873, -71.4293352
41.8239891, -71.4128343
41.8239891, -71.4128343
41.8204055, -71.4299904
41.8239891, -71.4128343
41.8239891, -71.4128343
41.8169709, -71.4594499
41.8128264, -71.45803529999999
41.816116, -71.45916
41.816116, -71.45916
41.7937986, -71.429082
41.82077590000001, -71.4266779
41.82205829999999, -71.4273932
41.8226905, -71.42776409999999
41.823223, -71.4464799
41.823326, -71.444817
41.8239891, -71.4128343
41.83042409999999, -71.4442214
41.8290252, -71.3939381
41.8290252, -71.3939381
41.83124919999999, -71.3823846
41.8290252, -71.3939381
41.8281044, -71.40066709999999
41.8290252, -71.3939381
41.819592, -71.396202
41.8463997, -71.4350362
41.7891326, -71.42702729999999
41.8039329, -71.43767989999999
41.8036975, -71.4370065
41.847111, -71.4281858
41.8239891, -71.4128343
41.841091, -71.441643
41.837852, -71.437714
41.837852, -71.437714
41.81207, -71.4238455
41.8239891, -71.4128343
41.8239891, -71.4128343
41.7908879, -71.426221
41.85754559999999, -71.41373279999999
41.830892, -71.39280939999999
41.8335028, -71.3943137
41.8300004, -71.39235070000001
41.8335028, -71.3943137
41.8356467, -71.395577
41.82711, -71.4451979
41.8193723, -71.39513699999999
41.8190834, -71.39683500000001
41.8208914, -71.40214259999999
41.821072, -71.3998513
41.8504744, -71.418935
41.8380899, -71.41578450000002
41.8393636, -71.41613269999999
41.8239891, -71.4128343
41.8239891, -71.4128343
41.8239891, -71.4128343
41.8239891, -71.4128343
41.815266, -71.4487609
41.815426, -71.44845099999999
41.814754, -71.4537809
41.814411, -71.457649
41.7915433, -71.4354342
41.8239891, -71.4128343
41.8239891, -71.4128343
41.8459811, -71.401067
41.85521689999999, -71.424438
41.8239891, -71.4128343
41.8464404, -71.3984389
41.8239891, -71.4128343
41.8239891, -71.4128343
41.8239891, -71.4128343
41.8239891, -71.4128343
41.8012209, -71.4222667
41.837848, -71.3881679
41.83847600000001, -71.38363989999999
41.8239891, -71.4128343
41.810181, -71.453773
41.815872, -71.455879
41.8239891, -71.4128343
41.8239891, -71.4128343
41.832733, -71.4466319
41.8239891, -71.4128343
41.8239891, -71.4128343
41.8294101, -71.4515529
41.8239891, -71.4128343
41.8239891, -71.4128343
41.8239891, -71.4128343
41.8239891, -71.4128343
41.8239891, -71.4128343
41.8239891, -71.4128343
41.8239891, -71.4128343
41.8239891, -71.4128343
41.8438299, -71.451454
41.8239891, -71.4128343
41.8239891, -71.4128343
41.8239891, -71.4128343
41.8239891, -71.4128343
41.812824, -71.427826
41.86444890000001, -71.44662459999999
41.8239891, -71.4128343
41.86444890000001, -71.44662459999999
41.7992626, -71.4189894
41.8239891, -71.4128343
41.9952271, -71.5219932
41.8239891, -71.4128343
41.83433489999999, -71.449196
41.8239891, -71.4128343
41.8239891, -71.4128343
41.807042, -71.4357175
41.8239891, -71.4128343
41.807042, -71.4357175
41.8239891, -71.4128343
41.833337, -71.4365256
41.8239891, -71.4128343
41.8332416, -71.39559799999999
41.8332416, -71.39559799999999
41.83483, -71.3873244
41.8239891, -71.4128343
41.8129685, -71.4159924
41.8239891, -71.4128343
41.8239891, -71.4128343
41.8239891, -71.4128343
41.8239891, -71.4128343
41.8239891, -71.4128343
41.7913805, -71.4203805
41.8239891, -71.4128343
41.84582049999999, -71.422496
41.8170155, -71.4571121
41.849167, -71.451981
41.849167, -71.451981
41.8239891, -71.4128343
41.8239891, -71.4128343
41.8510913, -71.391176
41.8377775, -71.3819204
41.8377775, -71.3819204
41.8377775, -71.3819204
41.8239891, -71.4128343
41.813759, -71.459251
41.813759, -71.459251
41.811703, -71.4576419
41.8126559, -71.458969
41.809757, -71.454773
41.813759, -71.459251
41.8239891, -71.4128343
41.8545316, -71.44381969999999
41.8473747, -71.4384123
41.8267669, -71.452187
41.8301699, -71.45229479999999
41.8283349, -71.45224000000002
41.84815589999999, -71.4515459
41.8416027, -71.4396549
41.8239891, -71.4128343
41.8576216, -71.42563
41.8004341, -71.43011
41.808323, -71.455772
41.8239891, -71.4128343
41.814262, -71.441757
41.8534154, -71.4161251
41.8571175, -71.4244159
41.8267151, -71.3954404
41.8255766, -71.45591569999999
41.8255766, -71.45591569999999
41.8239891, -71.4128343
41.8255766, -71.45591569999999
41.8255766, -71.45591569999999
41.8239891, -71.4128343
41.8255766, -71.45591569999999
41.8239891, -71.4128343
41.817951, -71.444649
41.8255766, -71.45591569999999
41.8239891, -71.4128343
41.8255766, -71.45591569999999
41.8255766, -71.45591569999999
41.8255766, -71.45591569999999
41.8255766, -71.45591569999999
41.8255766, -71.45591569999999
41.8255766, -71.45591569999999
41.8255766, -71.45591569999999
41.8255766, -71.45591569999999
41.8239891, -71.4128343
41.81512420000001, -71.4156617
41.827076, -71.440758
41.8239891, -71.4128343
41.8412988, -71.4255392
41.8412988, -71.4255392
41.8156326, -71.40666159999999
41.8261943, -71.40794319999999
41.8239891, -71.4128343
41.8261943, -71.40794319999999
41.8062465, -71.41757729999999
41.817516, -71.431915
41.8140744, -71.4383055
41.7875666, -71.3955184
41.7863635, -71.40193529999999
41.8239891, -71.4128343
41.7869924, -71.3985813
41.82278729999999, -71.4144541
41.82278729999999, -71.4144541
41.8543329, -71.40171579999999
41.8197023, -71.457596
41.803539, -71.42771499999999
41.8239891, -71.4128343
41.803663, -71.4223935
41.803583, -71.4257265
41.8239891, -71.4128343
41.8239891, -71.4128343
41.8284929, -71.3930156
41.82888699999999, -71.3908579
41.829335, -71.3881801
41.829335, -71.3881801
41.8239891, -71.4128343
41.8239891, -71.4128343
41.82142590000001, -71.459801
41.820068, -71.4602659
41.7955574, -71.421295
41.79746859999999, -71.4223495
41.7955574, -71.421295
41.8492012, -71.3994464
41.8256549, -71.4169215
41.8256549, -71.4169215
41.8256549, -71.4169215
41.8256549, -71.4169215
41.8256549, -71.4169215
41.8256549, -71.4169215
41.8569321, -71.4225213
41.80983, -71.457527
41.84497169999999, -71.44616529999999
41.84497169999999, -71.44616529999999
41.8159485, -71.4581869
41.8159485, -71.4581869
41.8159485, -71.4581869
41.812487, -71.43593
41.8117891, -71.43569080000002
41.8137819, -71.436371
41.8148879, -71.436745
41.810673, -71.435318
41.8499456, -71.4142492
41.8516649, -71.390884
41.836914, -71.450012
41.837395, -71.44760900000001
41.836914, -71.450012
41.788723, -71.392715
41.8520336, -71.44407009999999
41.85337800000001, -71.443657
41.82153700000001, -71.4668049
41.8072819, -71.4146119
41.792286, -71.40731
41.8239891, -71.4128343
41.819077, -71.467377
41.8019237, -71.411682
41.8029672, -71.4121531
41.8239891, -71.4128343
41.8372419, -71.448402
41.80116779999999, -71.4200458
41.800883, -71.4209539
41.800883, -71.4209539
41.825024, -71.447853
41.837857, -71.398872
41.7859197, -71.40109819999999
41.7861673, -71.3950602
41.7860319, -71.3982578
41.8239891, -71.4128343
41.825809, -71.450768
41.8257369, -71.449448
41.80481260000001, -71.42243859999999
41.80481260000001, -71.42243859999999
41.838035, -71.39788
41.8413297, -71.3970393
41.8239891, -71.4128343
41.8413297, -71.3970393
41.842518, -71.396873
41.8413297, -71.3970393
41.8413297, -71.3970393
41.8413297, -71.3970393
41.8279378, -71.41156649999999
41.8279378, -71.41156649999999
41.8216068, -71.477684
41.8216068, -71.477684
41.8216068, -71.477684
41.8216068, -71.477684
41.8216068, -71.477684
41.8216068, -71.477684
41.8216068, -71.477684
41.8216068, -71.477684
41.8216068, -71.477684
41.8290488, -71.4491314
41.8216068, -71.477684
41.8238157, -71.42234479999999
41.8439019, -71.4272052
41.8446723, -71.4242699
41.84373739999999, -71.4278878
41.854233, -71.436363
41.8239891, -71.4128343
41.8239891, -71.4128343
41.8239891, -71.4128343
41.808735, -71.459465
41.808735, -71.459465
41.809978, -71.4624939
41.8041258, -71.4045357
41.8239891, -71.4128343
41.8113688, -71.4206545
41.85270690000001, -71.4211119
41.848953, -71.44632
41.848953, -71.44632
41.8239891, -71.4128343
41.7893465, -71.3961127
41.7904399, -71.396469
41.7870176, -71.3953508
41.7899169, -71.4243489
41.8239891, -71.4128343
41.8531506, -71.40232259999999
41.7981495, -71.4063585
41.8421899, -71.444214
41.8421899, -71.444214
41.8421899, -71.444214
41.79044529999999, -71.399728
41.873279, -71.3637214
41.873279, -71.3637214
41.873279, -71.3637214
41.873279, -71.3637214
41.873279, -71.3637214
41.792282, -71.3903579
41.8239891, -71.4128343
41.792282, -71.3903579
41.8239891, -71.4128343
41.8239891, -71.4128343
41.803387, -71.4400019
41.796166, -71.439058
41.8239891, -71.4128343
41.796166, -71.439058
41.796166, -71.439058
41.8239891, -71.4128343
41.8239891, -71.4128343
41.8541626, -71.39024739999999
41.8239891, -71.4128343
41.8239891, -71.4128343
45.4557276, -122.5765375
41.842077, -71.4077356
41.842077, -71.4077356
41.8239891, -71.4128343
41.8239891, -71.4128343
41.842077, -71.4077356
41.845809, -71.40562659999999
41.8239891, -71.4128343
41.8239891, -71.4128343
41.842077, -71.4077356
41.842077, -71.4077356
41.8301533, -71.410156
41.842077, -71.4077356
41.8239891, -71.4128343
41.8239891, -71.4128343
41.8239891, -71.4128343
41.842077, -71.4077356
41.8568249, -71.3994295
41.8239891, -71.4128343
41.8239891, -71.4128343
41.842077, -71.4077356
41.8239891, -71.4128343
41.8239891, -71.4128343
41.849984, -71.4030314
41.842077, -71.4077356
41.8239891, -71.4128343
41.8239891, -71.4128343
41.8518688, -71.4136154
41.8239891, -71.4128343
41.8239891, -71.4128343
41.8072372, -71.4044134
41.8239891, -71.4128343
41.8239891, -71.4128343
41.8239891, -71.4128343
41.8239891, -71.4128343
41.8239891, -71.4128343
41.81544359999999, -71.43283629999999
41.8376537, -71.42988969999999
41.831696, -71.4597019
41.831696, -71.4597019
41.829001, -71.40337509999999
41.829001, -71.40337509999999
41.8006191, -71.4095419
41.8239891, -71.4128343
41.8239891, -71.4128343
41.8239891, -71.4128343
41.8239891, -71.4128343
41.8239891, -71.4128343
41.8239891, -71.4128343
41.8239891, -71.4128343
41.7893288, -71.3993619
41.7893288, -71.3993619
41.8239891, -71.4128343
41.845588, -71.3858502
41.845588, -71.3858502
41.8239891, -71.4128343
41.8239891, -71.4128343
41.835689, -71.4030822
41.8239891, -71.4128343
41.8239891, -71.4128343
41.8239891, -71.4128343
41.835165, -71.40759
41.835165, -71.40759
41.8239891, -71.4128343
41.8239891, -71.4128343
41.7998959, -71.419342
41.7998375, -71.4195268
41.7998375, -71.4195268
41.7998375, -71.4195268
41.8173222, -71.46370619999999
41.8173222, -71.46370619999999
41.8190321, -71.4641536
41.8190321, -71.4641536
41.8173222, -71.46370619999999
41.8530518, -71.42236849999999
41.8229565, -71.4099222
41.838754, -71.4202086
41.8388838, -71.419142
41.8323629, -71.380363
41.8342243, -71.419108
41.8342243, -71.419108
41.8239891, -71.4128343
41.8342243, -71.419108
41.8342243, -71.419108
41.8342243, -71.419108
41.8342243, -71.419108
41.8322359, -71.4574875
41.829034, -71.457821
41.8322359, -71.4574875
41.8355094, -71.42463819999999
41.8512056, -71.3939451
41.8023702, -71.4098094
41.8017529, -71.4124065
41.8023702, -71.4098094
41.8032283, -71.40600979999999
41.8023702, -71.4098094
41.8023702, -71.4098094
41.8024514, -71.40950590000001
41.8014342, -71.4138574
41.8215954, -71.41237199999999
41.8239891, -71.4128343
41.8203571, -71.42391959999999
41.8293258, -71.41745580000001
41.8293258, -71.41745580000001
41.83046969999999, -71.4173703
41.8293258, -71.41745580000001
41.8293258, -71.41745580000001
41.8293258, -71.41745580000001
41.795544, -71.4365133
41.8239891, -71.4128343
41.8239891, -71.4128343
41.8239891, -71.4128343
41.8239891, -71.4128343
41.8239891, -71.4128343
41.7863915, -71.4290034
41.8330116, -71.3805867
41.8239891, -71.4128343
41.792412, -71.405678
41.7655715, -71.3930944
41.8239891, -71.4128343
41.826229, -71.453728
41.8239891, -71.4128343
41.8549383, -71.4206311
41.7962831, -71.40792100000002
41.7967869, -71.40693139999999
41.7967869, -71.40693139999999
41.7967869, -71.40693139999999
41.7875939, -71.40580229999999
41.7875939, -71.40580229999999
41.8065297, -71.427826
41.8065704, -71.4249677
41.8065704, -71.4249677
41.8131569, -71.41789109999999
41.8227219, -71.40877429999999
41.8239891, -71.4128343
41.8373384, -71.4247822
41.8307653, -71.4457881
41.8239891, -71.4128343
41.8391171, -71.43023720000001
41.8365789, -71.431252
41.8391171, -71.43023720000001
41.8213207, -71.4320417
41.8215704, -71.4309457
41.7978616, -71.4115321
41.8233026, -71.422685
41.8155693, -71.4221804
41.815491, -71.46077439999999
41.817085, -71.4613224
41.82346, -71.4311139
41.818253, -71.4307939
41.8074871, -71.411312
41.81337389999999, -71.444397
41.8221541, -71.4103456
41.8172709, -71.41502860000001
41.8172709, -71.41502860000001
41.8172709, -71.41502860000001
41.8234332, -71.40912709999999
41.8228274, -71.4097121
41.8172709, -71.41502860000001
41.8172709, -71.41502860000001
41.8172709, -71.41502860000001
41.8239891, -71.4128343
41.8239891, -71.4128343
41.8263585, -71.3927078
41.8239891, -71.4128343
41.8239891, -71.4128343
41.8267199, -71.3885104
41.8239891, -71.4128343
41.8239891, -71.4128343
41.8239891, -71.4128343
41.8239891, -71.4128343
41.8239891, -71.4128343
41.7977821, -71.4213647
41.7977821, -71.4213647
41.7977821, -71.4213647
41.7977821, -71.4213647
41.7977821, -71.4213647
41.8239891, -71.4128343
41.8239891, -71.4128343
41.8244787, -71.4367481
41.8239891, -71.4128343
41.8239891, -71.4128343
41.8239891, -71.4128343
41.8239891, -71.4128343
41.8239891, -71.4128343
41.8239891, -71.4128343
41.8239891, -71.4128343
41.8239891, -71.4128343
41.8239891, -71.4128343
41.8239891, -71.4128343
41.8244787, -71.4367481
41.8244787, -71.4367481
41.8239891, -71.4128343
41.8244787, -71.4367481
41.8239891, -71.4128343
41.8239891, -71.4128343
41.8244787, -71.4367481
41.8244787, -71.4367481
41.8239891, -71.4128343
41.8239891, -71.4128343
41.8239891, -71.4128343
41.8239891, -71.4128343
41.8239891, -71.4128343
41.842958, -71.4277039
41.8239891, -71.4128343
41.8239891, -71.4128343
41.8239891, -71.4128343
41.8239891, -71.4128343
41.8239891, -71.4128343
41.8239891, -71.4128343
41.8537781, -71.4227899
41.8239891, -71.4128343
41.8239891, -71.4128343
41.8239891, -71.4128343
41.8239891, -71.4128343
41.8501819, -71.443169
41.8239891, -71.4128343
41.8239891, -71.4128343
41.8239891, -71.4128343
41.8239891, -71.4128343
41.80957720000001, -71.4109722
41.8239891, -71.4128343
41.8239891, -71.4128343
41.8132736, -71.4549348
41.8132736, -71.4549348
41.8132736, -71.4549348
41.8132736, -71.4549348
41.8239891, -71.4128343
41.8239891, -71.4128343
41.8239891, -71.4128343
41.8239891, -71.4128343
41.8137262, -71.447931
41.8132736, -71.4549348
41.8132736, -71.4549348
41.8239891, -71.4128343
41.8398052, -71.4040126
41.8239891, -71.4128343
41.83966849999999, -71.4045314
41.83921340000001, -71.4090293
41.8239891, -71.4128343
41.8239891, -71.4128343
41.8239891, -71.4128343
41.8239891, -71.4128343
41.8239891, -71.4128343
41.8239891, -71.4128343
41.8239891, -71.4128343
41.8239891, -71.4128343
41.8239891, -71.4128343
41.80271090000001, -71.43122900000002
41.8239891, -71.4128343
41.81192, -71.449944
41.810322, -71.454369
41.810745, -71.4540667
41.810322, -71.454369
41.8239891, -71.4128343
41.80484, -71.40358700000002
41.80484, -71.40358700000002
41.8159591, -71.4087651
41.8239891, -71.4128343
41.8159591, -71.4087651
41.8239891, -71.4128343
41.8159591, -71.4087651
41.8159591, -71.4087651
41.8159591, -71.4087651
41.8280228, -71.448977
41.8282601, -71.4474063
41.8239891, -71.4128343
41.7874833, -71.4315259
41.82188, -71.4490809
41.794018, -71.40419
41.794018, -71.40419
41.8239891, -71.4128343
41.8239891, -71.4128343
41.7788731, -71.4179626
41.8053046, -71.409177
41.8239891, -71.4128343
41.801897, -71.42265100000002
41.8239891, -71.4128343
41.8239891, -71.4128343
41.80192599999999, -71.4285032
41.803539, -71.416608
41.8045973, -71.4121265
41.804784, -71.4113161
41.8020984, -71.4218487
41.8239891, -71.4128343
41.8239891, -71.4128343
41.8231993, -71.3970288
41.8231993, -71.3970288
41.8231993, -71.3970288
41.8239891, -71.4128343
41.8158339, -71.4293819
41.8041016, -71.41420760000001
41.8041016, -71.41420760000001
41.8041016, -71.41420760000001
41.810806, -71.415497
41.7987434, -71.41191049999999
41.809955, -71.4156715
41.805573, -71.4148163
41.8015946, -71.4131202
41.8077215, -71.41573749999999
41.8047676, -71.4144615
41.8005524, -71.412694
41.8041016, -71.41420760000001
41.8319698, -71.4082033
41.8319698, -71.4082033
41.83624450000001, -71.38590409999999
41.836762, -71.38321959999999
41.8410109, -71.409843
41.808727, -71.4484559
41.808727, -71.4484559
41.8239891, -71.4128343
41.82853, -71.4199896
41.8278665, -71.4176918
41.8278665, -71.4176918
41.8278665, -71.4176918
41.8278665, -71.4176918
41.8239891, -71.4128343
41.8278665, -71.4176918
41.8327638, -71.4062603
41.8277289, -71.4048091
41.8239891, -71.4128343
41.8239891, -71.4128343
41.8239891, -71.4128343
41.8239891, -71.4128343
41.8239891, -71.4128343
41.8239891, -71.4128343
41.8239891, -71.4128343
41.8277962, -71.41901179999999
41.80648, -71.460098
41.80648, -71.460098
41.8239891, -71.4128343
41.8239891, -71.4128343
41.8082183, -71.4036936
41.8239891, -71.4128343
41.8239891, -71.4128343
41.805573, -71.4148163
41.8239891, -71.4128343
41.8066982, -71.4099895
41.805573, -71.4148163
41.8239891, -71.4128343
41.8239891, -71.4128343
41.8239891, -71.4128343
41.822021, -71.4441059
41.8239891, -71.4128343
41.822021, -71.4441059
41.84213219999999, -71.43860579999999
41.8007894, -71.407135
41.8376565, -71.4102734
41.8369397, -71.4111649
41.8369397, -71.4111649
41.8369397, -71.4111649
41.8369397, -71.4111649
41.8264159, -71.445353
41.836922, -71.440506
41.836922, -71.440506
41.8239891, -71.4128343
41.8592088, -71.4217531
41.8298322, -71.4287257
41.845253, -71.449051
41.8327642, -71.42949
41.8327642, -71.42949
41.7993881, -71.4264846
41.8313289, -71.4346159
41.8297388, -71.4387133
41.829445, -71.441986
41.8239891, -71.4128343
41.8239891, -71.4128343
41.7859164, -71.4346211
41.7859164, -71.4346211
41.7859164, -71.4346211
41.8239891, -71.4128343
41.8239891, -71.4128343
41.7859164, -71.4346211
41.8239891, -71.4128343
41.7859164, -71.4346211
41.7859164, -71.4346211
41.8239891, -71.4128343
41.8239891, -71.4128343
41.9927348, -71.521027
41.8239891, -71.4128343
41.7763469, -71.4036223
41.8082527, -71.4072285
41.8071616, -71.41013629999999
41.8370903, -71.4528945
41.8152779, -71.42169369999999
41.79805289999999, -71.4103098
41.8188298, -71.4088649
41.8188298, -71.4088649
41.820685, -71.4130962
41.8188298, -71.4088649
41.8361055, -71.42969649999999
41.822018, -71.434929
41.8275231, -71.43872759999999
41.8272793, -71.43862779999999
41.8202934, -71.4334655
41.8212225, -71.42335349999999
41.8239891, -71.4128343
41.839279, -71.440201
41.839279, -71.440201
41.839279, -71.440201
41.839279, -71.440201
41.851925, -71.437958
41.839279, -71.440201
41.8431147, -71.4405101
41.832584, -71.438538
41.8410231, -71.42730639999999
41.839279, -71.440201
41.839279, -71.440201
41.8257769, -71.460182
41.8313352, -71.4487587
41.83093600000001, -71.435585
41.808346, -71.415977
41.8465779, -71.39126569999999
41.8464664, -71.4007705
41.8469307, -71.3960633
41.8469307, -71.3960633
41.84682129999999, -71.3979925
41.8469307, -71.3960633
41.8239891, -71.4128343
41.78858710000001, -71.4272644
41.8486629, -71.44305400000002
41.8486629, -71.44305400000002
41.811264, -71.4496379
41.80587, -71.461784
41.8239891, -71.4128343
41.83493, -71.4336699
41.83493, -71.4336699
41.8239891, -71.4128343
41.8105475, -71.4382728
41.7878142, -71.4271981
41.7878142, -71.4271981
41.8356092, -71.4645597
41.8356092, -71.4645597
41.7867927, -71.4332536
41.8433759, -71.4046792
41.8524436, -71.44783989999999
41.8513994, -71.4114129
41.8513994, -71.4114129
41.8513994, -71.4114129
41.8513994, -71.4114129
41.8239891, -71.4128343
41.8239891, -71.4128343
41.7986201, -71.40703549999999
41.7986201, -71.40703549999999
41.7986201, -71.40703549999999
41.8361735, -71.4282411
41.8361735, -71.4282411
41.8361735, -71.4282411
41.828613, -71.4568939
41.7913969, -71.42260960000002
41.853925, -71.4212689
41.853925, -71.4212689
41.7870471, -71.427508
41.7870471, -71.427508
41.7870292, -71.42623669999999
41.7870471, -71.427508
41.7985881, -71.427589
41.813339, -71.454399
41.811634, -71.453598
41.8248583, -71.4153171
41.7942259, -71.4183646
41.7942259, -71.4183646
41.8239891, -71.4128343
41.7942259, -71.4183646
41.7953821, -71.4146495
41.796176, -71.4121266
41.8043289, -71.431984
41.80377989999999, -71.432335
41.84676049999999, -71.424509
41.8173956, -71.4421311
41.8170902, -71.4436047
41.84694289999999, -71.439392
41.8239891, -71.4128343
41.84694289999999, -71.439392
41.8239891, -71.4128343
41.8592613, -71.4343611
41.8050131, -71.4153328
41.8041237, -71.4192614
41.8443812, -71.39402369999999
41.8239891, -71.4128343
41.8037453, -71.40849949999999
41.8196226, -71.39112159999999
41.7915433, -71.4354342
41.7915433, -71.4354342
41.7915433, -71.4354342
41.8031919, -71.432564
41.851009, -71.440071
41.8256299, -71.4459
41.8505836, -71.40266009999999
41.8276298, -71.3868913
41.8204581, -71.4203883
41.849445, -71.393369
41.8239891, -71.4128343
41.8239891, -71.4128343
41.8239891, -71.4128343
41.8239891, -71.4128343
41.8239891, -71.4128343
41.8204581, -71.4203883
41.8204581, -71.4203883
41.8239891, -71.4128343
41.8413209, -71.3925754
41.8413209, -71.3925754
41.8413209, -71.3925754
41.8526572, -71.3980641
41.8027154, -71.40582289999999
41.8428837, -71.4426287
41.8428837, -71.4426287
41.8428837, -71.4426287
41.8428837, -71.4426287
41.8199872, -71.3983081
41.8199872, -71.3983081
41.8603606, -71.4234381
41.8057147, -71.4053392
41.8506442, -71.4308848
41.8506442, -71.4308848
41.8514691, -71.4337736
41.819021, -71.4098739
41.819021, -71.4098739
41.819021, -71.4098739
41.7902527, -71.3907928
41.7902527, -71.3907928
41.8239891, -71.4128343
41.7902527, -71.3907928
41.7902527, -71.3907928
41.8098449, -71.4589309
41.81534060000001, -71.408317
41.81534060000001, -71.408317
41.8239891, -71.4128343
41.8239891, -71.4128343
41.8239891, -71.4128343
41.8478595, -71.4147034
41.8239891, -71.4128343
41.8239891, -71.4128343
41.817751, -71.436775
41.8239891, -71.4128343
41.8239891, -71.4128343
41.8239891, -71.4128343
41.8239891, -71.4128343
41.8239891, -71.4128343
41.82871, -71.45540559999999
41.8513264, -71.3962252
41.8513264, -71.3962252
41.8380962, -71.3863545
41.84481, -71.388015
41.8401144, -71.3868656
41.8170763, -71.4341007
41.8573269, -71.4211935
41.8575536, -71.41522069999999
41.8575536, -71.41522069999999
41.838032, -71.434502
41.838032, -71.434502
41.838032, -71.434502
41.8239891, -71.4128343
41.834553, -71.4240225
41.838032, -71.434502
41.8239891, -71.4128343
41.8239891, -71.4128343
41.83756289999999, -71.433464
41.838032, -71.434502
41.8239891, -71.4128343
41.83522139999999, -71.4256425
41.838032, -71.434502
41.838032, -71.434502
41.840649, -71.440621
41.8239891, -71.4128343
41.8239891, -71.4128343
41.838032, -71.434502
41.8239891, -71.4128343
41.8239891, -71.4128343
41.8239891, -71.4128343
41.8239891, -71.4128343
41.8221814, -71.4150373
41.82166309999999, -71.414361
41.8221814, -71.4150373
41.8239891, -71.4128343
41.8239891, -71.4128343
41.81707, -71.4085739
41.81767960000001, -71.4070424
41.8290252, -71.3939381
41.8290411, -71.3826698
41.8239891, -71.4128343
41.842077, -71.4077356
41.8226906, -71.405379
41.842077, -71.4077356
41.842077, -71.4077356
41.8239891, -71.4128343
41.8239891, -71.4128343
41.8256765, -71.4078325
41.8239891, -71.4128343
41.842077, -71.4077356
41.842077, -71.4077356
41.842077, -71.4077356
41.8228574, -71.4064727
41.8204081, -71.4043938
41.8239891, -71.4128343
41.8204081, -71.4043938
41.822376, -71.406004
41.8228574, -71.4064727
41.8204081, -71.4043938
41.8204081, -71.4043938
41.8228574, -71.4064727
41.8239891, -71.4128343
41.8204081, -71.4043938
41.81832, -71.43281449999999
41.8239891, -71.4128343
41.8584138, -71.4194287
41.8243578, -71.4274467
41.824123, -71.4242404
41.8243578, -71.4274467
41.8243578, -71.4274467
41.8243578, -71.4274467
41.8239891, -71.4128343
41.7883073, -71.4286106
41.7883073, -71.4286106
41.7784506, -71.4192334
41.7791058, -71.4190098
41.8084187, -71.411607
41.8086205, -71.4116648
41.8239891, -71.4128343
41.8025447, -71.4224102
41.80368, -71.4191209
41.8239891, -71.4128343
41.8336587, -71.4137659
41.8336587, -71.4137659
41.8239891, -71.4128343
41.8239891, -71.4128343
41.8111109, -71.447571
41.8111109, -71.447571
41.8239891, -71.4128343
41.835969, -71.4118067
41.835969, -71.4118067
41.835969, -71.4118067
41.8156767, -71.4170357
41.8239891, -71.4128343
41.8282923, -71.4121081
41.8282923, -71.4121081
41.815796, -71.442932
41.850549, -71.41801579999999
41.846865, -71.44292639999999
41.8438103, -71.4215981
41.8424213, -71.4237459
41.8150746, -71.4181025
41.8535615, -71.3964527
41.8511606, -71.3978928
41.8482426, -71.397919
41.7972776, -71.41572099999999
41.85109689999999, -71.435844
41.85109689999999, -71.435844
41.815216, -71.466515
41.815216, -71.466515
41.8239891, -71.4128343
41.80998719999999, -71.4309665
41.846381, -71.4252374
41.8230111, -71.4289005
41.821808, -71.42821219999999
41.821808, -71.42821219999999
41.8230111, -71.4289005
41.804721, -71.4069513
41.8042541, -71.4087268
41.8042541, -71.4087268
41.804721, -71.4069513
41.8563619, -71.4140961
41.8564631, -71.4140578
41.8230493, -71.4334059
41.8230493, -71.4334059
41.8239891, -71.4128343
41.8161148, -71.43521729999999
41.815132, -71.434975
41.817104, -71.45445300000002
41.8338566, -71.39244049999999
41.8326358, -71.392039
41.8311523, -71.3915176
41.8364039, -71.393384
41.834917, -71.3927999
41.8425379, -71.395934
41.81095699999999, -71.4168279
41.853984, -71.395519
41.8542538, -71.39637970000001
41.8542538, -71.39637970000001
41.85477969999999, -71.39792659999999
41.79631759999999, -71.39169199999999
41.79631759999999, -71.39169199999999
41.792056, -71.404952
41.818075, -71.4358823
41.7928611, -71.4027689
41.793251, -71.40066449999999
41.7928611, -71.4027689
41.8305795, -71.46178789999999
41.8239891, -71.4128343
41.8239891, -71.4128343
41.812553, -71.447502
41.8239891, -71.4128343
41.8239891, -71.4128343
41.821087, -71.462524
41.821087, -71.462524
41.819347, -71.459564
41.8239891, -71.4128343
41.8239891, -71.4128343
41.8328394, -71.4040658
41.810322, -71.454369
41.8239891, -71.4128343
41.811386, -71.455917
41.8179555, -71.4511927
41.8239891, -71.4128343
41.8239891, -71.4128343
41.8459656, -71.4560453
41.8459656, -71.4560453
41.8562894, -71.41195080000001
41.8320131, -71.4246869
41.8239891, -71.4128343
41.8198803, -71.4253052
41.8186127, -71.4247962
41.802741, -71.4162789
41.806366, -71.4054259
41.8503949, -71.3958476
41.8408034, -71.3981238
41.8239891, -71.4128343
41.8239891, -71.4128343
41.818599, -71.4362173
41.8074483, -71.42869639999999
41.8074483, -71.42869639999999
41.8074483, -71.42869639999999
41.8074483, -71.42869639999999
41.8321555, -71.44691689999999
41.8320993, -71.44799139999999
41.8240475, -71.40513469999999
41.79631759999999, -71.39169199999999
41.79631759999999, -71.39169199999999
41.79631759999999, -71.39169199999999
41.77234010000001, -71.4085015
41.79631759999999, -71.39169199999999
41.77276579999999, -71.4064678
41.8078716, -71.45165450000002
41.8078716, -71.45165450000002
41.8506969, -71.447441
41.8239891, -71.4128343
41.8506969, -71.447441
41.8239891, -71.4128343
41.826879, -71.4005222
41.826879, -71.4005222
41.8239891, -71.4128343
41.826879, -71.4005222
41.8276078, -71.4085099
41.7997439, -71.4067539
41.8239891, -71.4128343
41.7987434, -71.41191049999999
41.7997439, -71.4067539
41.860126, -71.442863
41.8239891, -71.4128343
41.8239891, -71.4128343
41.8191586, -71.4353115
41.8239891, -71.4128343
41.8191586, -71.4353115
41.8191586, -71.4353115
41.8239891, -71.4128343
41.79270289999999, -71.39721229999999
41.8239891, -71.4128343
41.79270289999999, -71.39721229999999
41.8239891, -71.4128343
41.8239891, -71.4128343
41.8239891, -71.4128343
41.8239891, -71.4128343
41.8239891, -71.4128343
41.820563, -71.3983566
41.820563, -71.3983566
41.8239891, -71.4128343
41.8239891, -71.4128343
41.8239891, -71.4128343
41.8239891, -71.4128343
41.814926, -71.441628
41.8259727, -71.4407688
41.8231539, -71.438919
41.8239891, -71.4128343
41.8554436, -71.39307579999999
41.8239891, -71.4128343
41.8239891, -71.4128343
41.8236157, -71.4139986
41.8239891, -71.4128343
41.8239891, -71.4128343
41.8236157, -71.4139986
41.8227388, -71.412891
41.8068318, -71.4475642
41.8068318, -71.4475642
41.806259, -71.452354
41.8068318, -71.4475642
41.8074636, -71.4597625
41.8068318, -71.4475642
41.8239891, -71.4128343
41.8287362, -71.4546666
41.8338509, -71.3890299
41.833566, -71.39059220000001
41.8338509, -71.3890299
41.8332503, -71.3922359
41.8342309, -71.38711669999999
41.8239891, -71.4128343
41.80481260000001, -71.42243859999999
41.8390276, -71.392329
41.8392035, -71.38850839999999
41.8239891, -71.4128343
41.8239891, -71.4128343
41.827518, -71.43615
41.8239891, -71.4128343
41.827518, -71.43615
41.827518, -71.43615
41.827518, -71.43615
41.8266456, -71.4381265
41.827518, -71.43615
41.8239891, -71.4128343
41.8274119, -71.436401
41.827518, -71.43615
41.827518, -71.43615
41.8202449, -71.44039250000002
41.827518, -71.43615
41.8241741, -71.43958169999999